  -1.0000000000000000       0.43211505097001174     
 -0.99399999999999999       0.42787419099324470     
 -0.98799999999999999       0.42361325440108855     
 -0.98199999999999998       0.41933208798150429     
 -0.97599999999999998       0.41503053786858890     
 -0.96999999999999997       0.41070844990157407     
 -0.96399999999999997       0.40636566925008172     
 -0.95799999999999996       0.40200204099019349     
 -0.95199999999999996       0.39761740974074539     
 -0.94599999999999995       0.39321161998184212     
 -0.93999999999999995       0.38878451587008739     
 -0.93399999999999994       0.38433594181567016     
 -0.92800000000000005       0.37986574204215390     
 -0.92200000000000004       0.37537376092349978     
 -0.91600000000000004       0.37085984323213189     
 -0.91000000000000003       0.36632383381788519     
 -0.90400000000000003       0.36176557823932015     
 -0.89800000000000002       0.35718492262253781     
 -0.89200000000000002       0.35258171374393016     
 -0.88600000000000001       0.34795579913065566     
 -0.88000000000000000       0.34330702760680387     
 -0.87400000000000000       0.33863524883687091     
 -0.86799999999999999       0.33394031414034353     
 -0.86199999999999999       0.32922207653420532     
 -0.85599999999999998       0.32448039029972831     
 -0.84999999999999998       0.31971511195243696     
 -0.84399999999999997       0.31492610029664853     
 -0.83799999999999997       0.31011321610386500     
 -0.83199999999999996       0.30527632334967658     
 -0.82600000000000007       0.30041528857465971     
 -0.82000000000000006       0.29552998195183661     
 -0.81400000000000006       0.29062027666742563     
 -0.80800000000000005       0.28568605014308385     
 -0.80200000000000005       0.28072718390490525     
 -0.79600000000000004       0.27574356412636464     
 -0.79000000000000004       0.27073508187079359     
 -0.78400000000000003       0.26570163361818805     
 -0.77800000000000002       0.26064312170009657     
 -0.77200000000000002       0.25555945466748081     
 -0.76600000000000001       0.25045054817800061     
 -0.76000000000000001       0.24531632474475648     
 -0.75400000000000000       0.24015671550424789     
 -0.74800000000000000       0.23497165946164111     
 -0.74199999999999999       0.22976110525144333     
 -0.73599999999999999       0.22452501116147369     
 -0.72999999999999998       0.21926334604581518     
 -0.72399999999999998       0.21397609049559149     
 -0.71799999999999997       0.20866323705757583     
 -0.71199999999999997       0.20332479141423118     
 -0.70599999999999996       0.19796077333475159     
 -0.69999999999999996       0.19257121764350829     
 -0.69399999999999995       0.18715617548954416     
 -0.68799999999999994       0.18171571501575717     
 -0.68199999999999994       0.17624992311941123     
 -0.67599999999999993       0.17075890655443821     
 -0.66999999999999993       0.16524279270515760     
 -0.66399999999999992       0.15970173248878375     
 -0.65799999999999992       0.15413590044974401     
 -0.65200000000000002       0.14854549710930665     
 -0.64600000000000002       0.14293075122206839     
 -0.64000000000000001       0.13729192049937836     
 -0.63400000000000001       0.13162929463793219     
 -0.62800000000000000       0.12594319719515709     
 -0.62200000000000000       0.12023398808365461     
 -0.61599999999999999       0.11450206535084224     
 -0.60999999999999999       0.10874786896364372     
 -0.60399999999999998       0.10297188266402788     
 -0.59799999999999998        9.7174637421821461E-002
 -0.59200000000000008        9.1356714800147301E-002
 -0.58600000000000008        8.5518749884824594E-002
 -0.58000000000000007        7.9661435837079284E-002
 -0.57400000000000007        7.3785526978086116E-002
 -0.56800000000000006        6.7891843257846307E-002
 -0.56200000000000006        6.1981275557471495E-002
 -0.55600000000000005        5.6054789120357121E-002
 -0.55000000000000004        5.0113429891291889E-002
 -0.54400000000000004        4.4158329762391764E-002
 -0.53800000000000003        3.8190712229600569E-002
 -0.53200000000000003        3.2211899326883058E-002
 -0.52600000000000002        2.6223317345561471E-002
 -0.52000000000000002        2.0226505638484535E-002
 -0.51400000000000001        1.4223123515368237E-002
 -0.50800000000000001        8.2149583750473053E-003
 -0.50200000000000000        2.2039355153275200E-003
 -0.49600000000000000       -3.8078724106013757E-003
 -0.48999999999999999       -9.8182356326138275E-003
 -0.48399999999999999       -1.5824755524834002E-002
 -0.47799999999999998       -2.1824852977233036E-002
 -0.47199999999999998       -2.7815755540298696E-002
 -0.46599999999999997       -3.3794484052195116E-002
 -0.45999999999999996       -3.9757837227269867E-002
 -0.45399999999999996       -4.5702376638994728E-002
 -0.44799999999999995       -5.1624409253098628E-002
 -0.44199999999999995       -5.7519969801829829E-002
 -0.43600000000000005       -6.3384800550838546E-002
 -0.43000000000000005       -6.9214331196454273E-002
 -0.42400000000000004       -7.5003655757244353E-002
 -0.41800000000000004       -8.0747509406611531E-002
 -0.41200000000000003       -8.6440241308383153E-002
 -0.40600000000000003       -9.2075788565874991E-002
 -0.40000000000000002       -9.7647645363655070E-002
 -0.39400000000000002      -0.10314883222959507     
 -0.38800000000000001      -0.10857186122146477     
 -0.38200000000000001      -0.11390870039170072     
 -0.37600000000000000      -0.11915073473269738     
 -0.37000000000000000      -0.12428872469208421     
 -0.36399999999999999      -0.12931276229049909     
 -0.35799999999999998      -0.13421222423566473     
 -0.35199999999999998      -0.13897572169729941     
 -0.34599999999999997      -0.14359104770961292     
 -0.33999999999999997      -0.14804512092028474     
 -0.33399999999999996      -0.15232392693063662     
 -0.32799999999999996      -0.15641245552634961     
 -0.32199999999999995      -0.16029463634201538     
 -0.31599999999999995      -0.16395327034607393     
 -0.31000000000000005      -0.16736996003884683     
 -0.30400000000000005      -0.17052503664029348     
 -0.29800000000000004      -0.17339748671815669     
 -0.29200000000000004      -0.17596487786674550     
 -0.28600000000000003      -0.17820328493701451     
 -0.28000000000000003      -0.18008721835482436     
 -0.27400000000000002      -0.18158955696102400     
 -0.26800000000000002      -0.18268148652386701     
 -0.26200000000000001      -0.18333244916881497     
 -0.25600000000000001      -0.18351010630779008     
 -0.25000000000000000      -0.18318032082367827     
 -0.24399999999999999      -0.18230716610845898     
 -0.23799999999999999      -0.18085296925593194     
 -0.23199999999999998      -0.17877840065916628     
 -0.22599999999999998      -0.17604262288604916     
 -0.21999999999999997      -0.17260351738760304     
 -0.21399999999999997      -0.16841801077231533     
 -0.20799999999999996      -0.16344252892720193     
 -0.20199999999999996      -0.15763361559371952     
 -0.19599999999999995      -0.15094876172449548     
 -0.18999999999999995      -0.14334750137190250     
 -0.18400000000000005      -0.13479285183107514     
 -0.17800000000000005      -0.12525318828726267     
 -0.17200000000000004      -0.11470467628932217     
 -0.16600000000000004      -0.10313440902967087     
 -0.16000000000000003       -9.0544443372851405E-002
 -0.15400000000000003       -7.6956966801067797E-002
 -0.14800000000000002       -6.2420892904225034E-002
 -0.14200000000000002       -4.7020228311447462E-002
 -0.13600000000000001       -3.0884620558462215E-002
 -0.13000000000000000       -1.4202524262710722E-002
 -0.12400000000000000        2.7626028867666422E-003
 -0.11799999999999999        1.9652811032730609E-002
 -0.11199999999999999        3.5993018269403113E-002
 -0.10599999999999998        5.1166250043795346E-002
  -9.9999999999999978E-002   6.4389538390251216E-002
  -9.3999999999999972E-002   7.4696535733210709E-002
  -8.7999999999999967E-002   8.0938732389058729E-002
  -8.1999999999999962E-002   8.1827157268129697E-002
  -7.5999999999999956E-002   7.6052764429330580E-002
  -6.9999999999999951E-002   6.2548813071456461E-002
  -6.3999999999999946E-002   4.0992698222554934E-002
  -5.8000000000000052E-002   1.2676073641600312E-002
  -5.2000000000000046E-002  -1.8161118823828423E-002
  -4.6000000000000041E-002  -4.2770222533028410E-002
  -4.0000000000000036E-002  -4.7687817949391170E-002
  -3.4000000000000030E-002  -2.1208821469723086E-002
  -2.8000000000000025E-002   2.3695345343155927E-002
  -2.2000000000000020E-002   2.9144591298049811E-002
  -1.6000000000000014E-002  -1.8511722035591378E-002
  -1.0000000000000009E-002  -3.7814642858993511E-002
  -4.0000000000000036E-003  -5.1875701647303317E-003
   2.0000000000000018E-003   3.4873996752201375E-002
   8.0000000000000071E-003   4.3309970860886005E-002
   1.4000000000000012E-002   1.6701066258088659E-002
   2.0000000000000018E-002  -2.2324695315233036E-002
   2.6000000000000023E-002  -4.7471005393428231E-002
   3.2000000000000028E-002  -4.5088279381399803E-002
   3.8000000000000034E-002  -1.8478950251487308E-002
   4.4000000000000039E-002   1.7481074730802976E-002
   5.0000000000000044E-002   4.5586261490726053E-002
   5.6000000000000050E-002   5.4135213541431790E-002
   6.2000000000000055E-002   4.0723304251404205E-002
   6.8000000000000060E-002   1.1651127803152464E-002
   7.4000000000000066E-002  -2.1747574033223950E-002
   8.0000000000000071E-002  -4.7757423405717515E-002
   8.6000000000000076E-002  -5.8152868438286050E-002
   9.2000000000000082E-002  -5.0324032519639419E-002
   9.8000000000000087E-002  -2.7369865109017025E-002
  0.10400000000000009        3.5032740236008502E-003
  0.11000000000000010        3.3468822868977149E-002
  0.11600000000000010        5.4590936345802463E-002
  0.12200000000000011        6.1748766581442481E-002
  0.12799999999999989        5.3629063093317192E-002
  0.13399999999999990        3.2674264091890934E-002
  0.13999999999999990        4.1413516732084089E-003
  0.14599999999999991       -2.5353095921298124E-002
  0.15199999999999991       -4.9382324676266229E-002
  0.15799999999999992       -6.3031136441258670E-002
  0.16399999999999992       -6.3779098062360776E-002
  0.16999999999999993       -5.1821900447053690E-002
  0.17599999999999993       -2.9817416069933007E-002
  0.18199999999999994       -2.1773547329761653E-003
  0.18799999999999994        2.5884691195138060E-002
  0.19399999999999995        4.9336594481260737E-002
  0.19999999999999996        6.4181953683893886E-002
  0.20599999999999996        6.8072593901799386E-002
  0.21199999999999997        6.0600827085690999E-002
  0.21799999999999997        4.3241295425510029E-002
  0.22399999999999998        1.8983075287590263E-002
  0.22999999999999998       -8.2449165207560231E-003
  0.23599999999999999       -3.4231604968347484E-002
  0.24199999999999999       -5.5119544597688155E-002
  0.24800000000000000       -6.7942029154015857E-002
  0.25400000000000000       -7.1002516816846190E-002
  0.26000000000000001       -6.4051415283662080E-002
  0.26600000000000001       -4.8242153644421110E-002
  0.27200000000000002       -2.5889218488665142E-002
  0.27800000000000002       -8.7165581264822146E-005
  0.28400000000000003        2.5736621431788561E-002
  0.29000000000000004        4.8271415264898761E-002
  0.29600000000000004        6.4726938506695669E-002
  0.30200000000000005        7.3153803391804578E-002
  0.30800000000000005        7.2647811785472347E-002
  0.31400000000000006        6.3414587895858091E-002
  0.32000000000000006        4.6690877252320191E-002
  0.32600000000000007        2.4544101189886352E-002
  0.33200000000000007       -4.0965624190864556E-004
  0.33800000000000008       -2.5324761479263984E-002
  0.34400000000000008       -4.7444884905518334E-002
  0.35000000000000009       -6.4393564000762196E-002
  0.35600000000000009       -7.4413377721146950E-002
  0.36200000000000010       -7.6532036521856070E-002
  0.36800000000000010       -7.0637468763513386E-002
  0.37400000000000011       -5.7454520381423041E-002
  0.37999999999999989       -3.8431443121806838E-002
  0.38599999999999990       -1.5558261371317295E-002
  0.39199999999999990        8.8546055387776941E-003
  0.39799999999999991        3.2411088306163439E-002
  0.40399999999999991        5.2857145022448981E-002
  0.40999999999999992        6.8285578256501445E-002
  0.41599999999999993        7.7303486158050383E-002
  0.42199999999999993        7.9147838054699243E-002
  0.42799999999999994        7.3737186843292904E-002
  0.43399999999999994        6.1654643441396574E-002
  0.43999999999999995        4.4067369760831525E-002
  0.44599999999999995        2.2596854943729251E-002
  0.45199999999999996       -8.4144118474153019E-004
  0.45799999999999996       -2.4211418463222278E-002
  0.46399999999999997       -4.5528736504879534E-002
  0.46999999999999997       -6.3021683410545024E-002
  0.47599999999999998       -7.5270998880704376E-002
  0.48199999999999998       -8.1318652916916936E-002
  0.48799999999999999       -8.0735789204838371E-002
  0.49399999999999999       -7.3642958046641546E-002
  0.50000000000000000       -6.0681560508050909E-002
  0.50600000000000001       -4.2942239931735647E-002
  0.51200000000000001       -2.1861104607246211E-002
  0.51800000000000002        9.0351662662405846E-004
  0.52400000000000002        2.3602372477149212E-002
  0.53000000000000003        4.4525840971220552E-002
  0.53600000000000003        6.2126936980456640E-002
  0.54200000000000004        7.5130427285397344E-002
  0.54800000000000004        8.2621089772758644E-002
  0.55400000000000005        8.4103921702485859E-002
  0.56000000000000005        7.9530586722560623E-002
  0.56600000000000006        6.9289928288724836E-002
  0.57200000000000006        5.4164995344311802E-002
  0.57800000000000007        3.5263069948583595E-002
  0.58400000000000007        1.3927285579225804E-002
  0.59000000000000008       -8.3617063888619288E-003
  0.59600000000000009       -3.0087134855996015E-002
  0.60200000000000009       -4.9795404831628039E-002
  0.60800000000000010       -6.6188983576550703E-002
  0.61400000000000010       -7.8208388278668231E-002
  0.62000000000000011       -8.5098147168339827E-002
  0.62599999999999989       -8.6451509840842655E-002
  0.63199999999999990       -8.2229891348495385E-002
  0.63799999999999990       -7.2755593101768060E-002
  0.64399999999999991       -5.8679561136757111E-002
  0.64999999999999991       -4.0928720403311192E-002
  0.65599999999999992       -2.0638914786393479E-002
  0.66199999999999992        9.2052984767280284E-004
  0.66799999999999993        2.2425637811064467E-002
  0.67399999999999993        4.2576270402331480E-002
  0.67999999999999994        6.0171264442061244E-002
  0.68599999999999994        7.4177199711565597E-002
  0.69199999999999995        8.3787257356730649E-002
  0.69799999999999995        8.8466226287962191E-002
  0.70399999999999996        8.7978037067815373E-002
  0.70999999999999996        8.2393515798828185E-002
  0.71599999999999997        7.2078138226487495E-002
  0.72199999999999998        5.7661801897344024E-002
  0.72799999999999998        3.9994330804802934E-002
  0.73399999999999999        2.0091141555937369E-002
  0.73999999999999999       -9.2675049797397255E-004
  0.74600000000000000       -2.1895030192846665E-002
  0.75200000000000000       -4.1668181191064031E-002
  0.75800000000000001       -5.9179322906077657E-002
  0.76400000000000001       -7.3495637936007732E-002
  0.77000000000000002       -8.3866806297284074E-002
  0.77600000000000002       -8.9763502969959802E-002
  0.78200000000000003       -9.0903115068368998E-002
  0.78800000000000003       -8.7260644001606699E-002
  0.79400000000000004       -7.9064152182950959E-002
  0.80000000000000004       -6.6775741559837218E-002
  0.80600000000000005       -5.1060426404243492E-002
  0.81200000000000006       -3.2746029774736445E-002
  0.81800000000000006       -1.2777296171930821E-002
  0.82400000000000007        7.8330586068649320E-003
  0.83000000000000007        2.8054287560955495E-002
  0.83600000000000008        4.6886967076507961E-002
  0.84200000000000008        6.3410324622698744E-002
  0.84800000000000009        7.6825881336887988E-002
  0.85400000000000009        8.6495374745821016E-002
  0.86000000000000010        9.1970694868582475E-002
  0.86600000000000010        9.3013716783251293E-002
  0.87200000000000011        8.9604568045198174E-002
  0.87799999999999989        8.1937916964104643E-002
  0.88399999999999990        7.0408045489675483E-002
  0.88999999999999990        5.5584456236623600E-002
  0.89599999999999991        3.8180322314927191E-002
  0.90199999999999991        1.9016150555557103E-002
  0.90799999999999992       -1.0192923431885195E-003
  0.91399999999999992       -2.1009212411946216E-002
  0.91999999999999993       -4.0049002151902699E-002
  0.92599999999999993       -5.7285402928407489E-002
  0.93199999999999994       -7.1953472486169845E-002
  0.93799999999999994       -8.3409926143755544E-002
  0.94399999999999995       -9.1161160560647991E-002
  0.94999999999999996       -9.4884221264654720E-002
  0.95599999999999996       -9.4439271519821760E-002
  0.96199999999999997       -8.9872751616155447E-002
  0.96799999999999997       -8.1411259389093132E-002
  0.97399999999999998       -6.9447017766371411E-002
  0.97999999999999998       -5.4516419813037127E-002
  0.98599999999999999       -3.7273435975559675E-002
  0.99199999999999999       -1.8459612290147184E-002
  0.99800000000000000        1.1278864406107088E-003
   1.0040000000000000        2.0669093709324605E-002
   1.0099999999999998        3.9354085765611647E-002
   1.0160000000000000        5.6415108102780380E-002
   1.0219999999999998        7.1157125136690980E-002
   1.0280000000000000        8.2985708844454650E-002
   1.0339999999999998        9.1430966772644784E-002
   1.0400000000000000        9.6166145865223360E-002
   1.0459999999999998        9.7019723144804657E-002
   1.0520000000000000        9.3980225957000812E-002
   1.0579999999999998        8.7193623596724154E-002
   1.0640000000000001        7.6953772042411606E-002
   1.0699999999999998        6.3686916042922981E-002
   1.0760000000000001        4.7931553792916561E-002
   1.0819999999999999        3.0315018110144778E-002
   1.0880000000000001        1.1527974907377213E-002
   1.0939999999999999       -7.7022206101158477E-003
   1.1000000000000001       -2.6638608283228674E-002
   1.1059999999999999       -4.4561586286133797E-002
   1.1120000000000001       -6.0795181530228282E-002
   1.1179999999999999       -7.4731920201476912E-002
   1.1240000000000001       -8.5855402434824174E-002
   1.1299999999999999       -9.3759535498009069E-002
   1.1360000000000001       -9.8163363679853857E-002
   1.1419999999999999       -9.8920601739135930E-002
   1.1480000000000001       -9.6023323581188799E-002
   1.1539999999999999       -8.9599721117478381E-002
   1.1600000000000001       -7.9906322115880321E-002
   1.1659999999999999       -6.7315442826022198E-002
   1.1720000000000002       -5.2298874347259959E-002
   1.1779999999999999       -3.5408842550181271E-002
   1.1840000000000002       -1.7257171744661449E-002
   1.1899999999999999        1.5066101428622765E-003
   1.1960000000000002        2.0217673858840848E-002
   1.2020000000000000        3.8218368651102896E-002
   1.2080000000000002        5.4880366266738256E-002
   1.2140000000000000        6.9625965854726302E-002
   1.2200000000000002        8.1947913783932749E-002
   1.2260000000000000        9.1426951542171439E-002
   1.2320000000000002        9.7746241585421612E-002
   1.2380000000000000       0.10070187730719124     
   1.2440000000000002       0.10020888574958720     
   1.2500000000000000        9.6302442106616912E-002
   1.2559999999999998        8.9134379769313363E-002
   1.2620000000000000        7.8965421519591961E-002
   1.2679999999999998        6.6153807779118529E-002
   1.2740000000000000        5.1141120988495423E-002
   1.2799999999999998        3.4436094638974540E-002
   1.2860000000000000        1.6597090424040464E-002
   1.2919999999999998       -1.7862221492288299E-003
   1.2980000000000000       -2.0111591546972778E-002
   1.3039999999999998       -3.7782996490880481E-002
   1.3100000000000001       -5.4229228528288015E-002
   1.3159999999999998       -6.8921854095300453E-002
   1.3220000000000001       -8.1392047886246432E-002
   1.3279999999999998       -9.1245678698947064E-002
   1.3340000000000001       -9.8175969155167034E-002
   1.3399999999999999      -0.10197308358532274     
   1.3460000000000001      -0.10253013695332550     
   1.3519999999999999       -9.9845340930870760E-002
   1.3580000000000001       -9.4020279879120455E-002
   1.3639999999999999       -8.5254580646060882E-002
   1.3700000000000001       -7.3837453127144084E-002
   1.3759999999999999       -6.0136706313718542E-002
   1.3820000000000001       -4.4585868693011982E-002
   1.3879999999999999       -2.7669984851243015E-002
   1.3940000000000001       -9.9105539113298804E-003
   1.3999999999999999        8.1500419782945081E-003
   1.4060000000000001        2.5964354109371715E-002
   1.4119999999999999        4.2995695906072960E-002
   1.4180000000000001        5.8733722350725347E-002
   1.4239999999999999        7.2709422148777736E-002
   1.4300000000000002        8.4509088248597389E-002
   1.4359999999999999        9.3786750600420549E-002
   1.4420000000000002       0.10027452649282000     
   1.4480000000000000       0.10379038463904190     
   1.4540000000000002       0.10424293818631897     
   1.4600000000000000       0.10163306690960014     
   1.4660000000000002        9.6052379885807671E-002
   1.4720000000000000        8.7678738009269341E-002
   1.4780000000000002        7.6769217552108776E-002
   1.4840000000000000        6.3650990501244606E-002
   1.4900000000000002        4.8710617013130328E-002
   1.4960000000000000        3.2382204204741284E-002
   1.5019999999999998        1.5134802551473174E-002
   1.5080000000000000       -2.5406775891562970E-003
   1.5139999999999998       -2.0144817777940818E-002
   1.5200000000000000       -3.7183132468954265E-002
   1.5259999999999998       -5.3179406491508610E-002
   1.5320000000000000       -6.7688680688082287E-002
   1.5379999999999998       -8.0309566122440959E-002
   1.5440000000000000       -9.0695490084443373E-002
   1.5499999999999998       -9.8564439316860042E-002
   1.5560000000000000      -0.10370676780371327     
   1.5619999999999998      -0.10599070638889187     
   1.5680000000000001      -0.10536532841552308     
   1.5739999999999998      -0.10186088561307011     
   1.5800000000000001       -9.5586593356935146E-002
   1.5859999999999999       -8.6726095508954146E-002
   1.5920000000000001       -7.5530944781454445E-002
   1.5979999999999999       -6.2312487723581687E-002
   1.6040000000000001       -4.7432542108504984E-002
   1.6099999999999999       -3.1293210547779421E-002
   1.6160000000000001       -1.4326104952872272E-002
   1.6219999999999999        3.0188091938663018E-003
   1.6280000000000001        2.0284592430660234E-002
   1.6339999999999999        3.7018796373882432E-002
   1.6400000000000001        5.2784860193016259E-002
   1.6459999999999999        6.7173238583695519E-002
   1.6520000000000001        7.9812002860731451E-002
   1.6579999999999999        9.0376595867346907E-002
   1.6640000000000001        9.8598387454367234E-002
   1.6699999999999999       0.10427167675666862     
   1.6760000000000002       0.10725883603794509     
   1.6819999999999999       0.10749337618152718     
   1.6880000000000002       0.10498083635161276     
   1.6940000000000000        9.9797529995642426E-002
   1.7000000000000002        9.2087301253859111E-002
   1.7060000000000000        8.2056540131648439E-002
   1.7120000000000002        6.9967759356334411E-002
   1.7180000000000000        5.6132047180400435E-002
   1.7240000000000002        4.0900686736225621E-002
   1.7300000000000000        2.4656184559914075E-002
   1.7360000000000002        7.8028944704292618E-003
   1.7420000000000000       -9.2426216418366007E-003
   1.7480000000000002       -2.6061386553969154E-002
   1.7540000000000000       -4.2241841189560252E-002
   1.7599999999999998       -5.7389585313871519E-002
   1.7660000000000000       -7.1136845218835787E-002
   1.7719999999999998       -8.3151443967998992E-002
   1.7780000000000000       -9.3144998378162952E-002
   1.7839999999999998      -0.10088005457775595     
   1.7900000000000000      -0.10617587636162848     
   1.7959999999999998      -0.10891264770365514     
   1.8020000000000000      -0.10903392562883209     
   1.8079999999999998      -0.10654727678014633     
   1.8140000000000001      -0.10152313280444811     
   1.8199999999999998       -9.4091996474072612E-002
   1.8260000000000001       -8.4440199741739913E-002
   1.8319999999999999       -7.2804459455461421E-002
   1.8380000000000001       -5.9465482163079446E-002
   1.8439999999999999       -4.4740853946660580E-002
   1.8500000000000001       -2.8977411411467653E-002
   1.8559999999999999       -1.2543248313210069E-002
   1.8620000000000001        4.1805282128176717E-003
   1.8679999999999999        2.0808201294585771E-002
   1.8740000000000001        3.6957921030637608E-002
   1.8799999999999999        5.2260153995158744E-002
   1.8860000000000001        6.6365970545044992E-002
   1.8919999999999999        7.8954997808898031E-002
   1.8980000000000001        8.9742826038032117E-002
   1.9039999999999999        9.8487631845229101E-002
   1.9100000000000001       0.10499577985437276     
   1.9159999999999999       0.10912618554754357     
   1.9220000000000002       0.11079327172703456     
   1.9279999999999999       0.10996842205805347     
   1.9340000000000002       0.10667991413560733     
   1.9399999999999999       0.10101139592256479     
   1.9460000000000002        9.3099037423842262E-002
   1.9520000000000000        8.3127537642273472E-002
   1.9580000000000002        7.1325189442558043E-002
   1.9640000000000000        5.7958205024939681E-002
   1.9700000000000002        4.3324483695949330E-002
   1.9760000000000000        2.7746970927291389E-002
   1.9820000000000002        1.1566725342311870E-002
   1.9880000000000000       -4.8642204278768119E-003
   1.9940000000000002       -2.1190136631871231E-002
   2.0000000000000000       -3.7058938664473476E-002
   2.0059999999999998       -5.2129513532357674E-002
   2.0120000000000000       -6.6078918595270403E-002
   2.0179999999999998       -7.8609308643165177E-002
   2.0240000000000000       -8.9454418497658020E-002
   2.0299999999999998       -9.8385405493712927E-002
   2.0360000000000000      -0.10521585340585289     
   2.0419999999999998      -0.10980575731030875     
   2.0480000000000000      -0.11206434193383134     
   2.0539999999999998      -0.11195162508254117     
   2.0600000000000001      -0.10947869666978875     
   2.0659999999999998      -0.10470675186196664     
   2.0720000000000001       -9.7744972271813196E-002
   2.0779999999999998       -8.8747393782589570E-002
   2.0840000000000001       -7.7908921974513198E-002
   2.0899999999999999       -6.5460662580274206E-002
   2.0960000000000001       -5.1664722397368724E-002
   2.1019999999999999       -3.6808611976323416E-002
   2.1080000000000001       -2.1199355990490575E-002
   2.1139999999999999       -5.1573897905222103E-003
   2.1200000000000001        1.0989697589802226E-002
   2.1259999999999999        2.6913519182695075E-002
   2.1320000000000001        4.2291284872686991E-002
   2.1379999999999999        5.6812158540046537E-002
   2.1440000000000001        7.0183476784250590E-002
   2.1499999999999999        8.2136699333064611E-002
   2.1560000000000001        9.2432941954720696E-002
   2.1619999999999999       0.10086792705355233     
   2.1680000000000001       0.10727618872509469     
   2.1739999999999999       0.11153438741616113     
   2.1800000000000002       0.11356362129141231     
   2.1859999999999999       0.11333066737258124     
   2.1920000000000002       0.11084813700820588     
   2.1980000000000000       0.10617358156532979     
   2.2040000000000002        9.9407629732368261E-002
   2.2100000000000000        9.0691270878271446E-002
   2.2160000000000002        8.0202417614517435E-002
   2.2220000000000000        6.8151883229136845E-002
   2.2280000000000002        5.4778903248557644E-002
   2.2340000000000000        4.0346308010078172E-002
   2.2400000000000002        2.5135434194877813E-002
   2.2460000000000000        9.4408420735798242E-003
   2.2519999999999998       -6.4351132063597879E-003
   2.2580000000000000       -2.2187809959391881E-002
   2.2639999999999998       -3.7515943188386955E-002
   2.2700000000000000       -5.2127102530857269E-002
   2.2759999999999998       -6.5743267133072270E-002
   2.2820000000000000       -7.8106117563088981E-002
   2.2879999999999998       -8.8982044175033748E-002
   2.2940000000000000       -9.8166718727069641E-002
   2.2999999999999998      -0.10548909045490026     
   2.3060000000000000      -0.11081467797972930     
   2.3119999999999998      -0.11404804953574742     
   2.3180000000000001      -0.11513441620187249     
   2.3239999999999998      -0.11406030337603432     
   2.3300000000000001      -0.11085330720558899     
   2.3359999999999999      -0.10558098320052492     
   2.3420000000000001       -9.8348946735956552E-002
   2.3479999999999999       -8.9298286955409853E-002
   2.3540000000000001       -7.8602406275838865E-002
   2.3599999999999999       -6.6463396111190787E-002
   2.3660000000000001       -5.3108049464900019E-002
   2.3719999999999999       -3.8783595007693170E-002
   2.3780000000000001       -2.3753219121489332E-002
   2.3839999999999999       -8.2914256643001026E-003
   2.3900000000000001        7.3207263425298331E-003
   2.3959999999999999        2.2800472367262542E-002
   2.4020000000000001        3.7868240207046100E-002
   2.4079999999999999        5.2252545211768364E-002
   2.4140000000000001        6.5694817616531162E-002
   2.4199999999999999        7.7954076154369126E-002
   2.4260000000000002        8.8811349858673630E-002
   2.4319999999999999        9.8073732274416278E-002
   2.4380000000000002       0.10557795658724752     
   2.4440000000000000       0.11119337958077825     
   2.4500000000000002       0.11482428280024794     
   2.4560000000000000       0.11641142531719727     
   2.4620000000000002       0.11593281068980635     
   2.4680000000000000       0.11340366898069892     
   2.4740000000000002       0.10887568560256503     
   2.4800000000000000       0.10243553631658799     
   2.4860000000000002        9.4202810086716895E-002
   2.4920000000000000        8.4327409551810048E-002
   2.4980000000000002        7.2986523177787491E-002
   2.5040000000000000        6.0381255459805508E-002
   2.5099999999999998        4.6732989296069623E-002
   2.5160000000000000        3.2279542864111679E-002
   2.5219999999999998        1.7271165541937774E-002
   2.5280000000000000        1.9664100680946710E-003
   2.5339999999999998       -1.3372091216187857E-002
   2.5400000000000000       -2.8481914355360186E-002
   2.5459999999999998       -4.3105161593631786E-002
   2.5520000000000000       -5.6992760868362781E-002
   2.5579999999999998       -6.9908686132065093E-002
   2.5640000000000001       -8.1634021934413853E-002
   2.5699999999999998       -9.1970784166933037E-002
   2.5760000000000001      -0.10074540039398765     
   2.5819999999999999      -0.10781175346785532     
   2.5880000000000001      -0.11305370036446198     
   2.5939999999999999      -0.11638699094009242     
   2.6000000000000001      -0.11776053748438257     
   2.6059999999999999      -0.11715700882375110     
   2.6120000000000001      -0.11459275302013536     
   2.6179999999999999      -0.11011707849709455     
   2.6240000000000001      -0.10381094525202415     
   2.6299999999999999       -9.5785134236222091E-002
   2.6360000000000001       -8.6177970524451183E-002
   2.6419999999999999       -7.5152678055640881E-002
   2.6480000000000001       -6.2894437207346207E-002
   2.6539999999999999       -4.9607208829335926E-002
   2.6600000000000001       -3.5510374184673489E-002
   2.6659999999999999       -2.0835230403411727E-002
   2.6720000000000002       -5.8213726046388720E-003
   2.6779999999999999        9.2870146458134996E-003
   2.6840000000000002        2.4244930876852692E-002
   2.6899999999999999        3.8810369759410976E-002
   2.6960000000000002        5.2748129968034040E-002
   2.7020000000000000        6.5833577090271919E-002
   2.7080000000000002        7.7856295174363502E-002
   2.7140000000000000        8.8623558820483631E-002
   2.7200000000000002        9.7963542972544948E-002
   2.7260000000000000       0.10572819074789808     
   2.7320000000000002       0.11179565965922930     
   2.7380000000000000       0.11607227846448309     
   2.7440000000000002       0.11849396236013096     
   2.7500000000000000       0.11902705481239892     
   2.7559999999999998       0.11766858676312791     
   2.7620000000000000       0.11444596671481967     
   2.7679999999999998       0.10941613607610730     
   2.7740000000000000       0.10266423883018475     
   2.7799999999999998        9.4301865775222690E-002
   2.7860000000000000        8.4464938669275944E-002
   2.7919999999999998        7.3311296481725172E-002
   2.7980000000000000        6.1018042466103616E-002
   2.8039999999999998        4.7778701015220720E-002
   2.8100000000000001        3.3800223094980160E-002
   2.8159999999999998        1.9299871568997571E-002
   2.8220000000000001        4.5020091799698085E-003
   2.8279999999999998       -1.0365190573638713E-002
   2.8340000000000001       -2.5073089729935039E-002
   2.8399999999999999       -3.9395963674521743E-002
   2.8460000000000001       -5.3114379145870180E-002
   2.8519999999999999       -6.6018530564557795E-002
   2.8580000000000001       -7.7911482086624226E-002
   2.8639999999999999       -8.8612254881241359E-002
   2.8700000000000001       -9.7958691952486118E-002
   2.8759999999999999      -0.10581003084424855     
   2.8820000000000001      -0.11204911783951883     
   2.8879999999999999      -0.11658420451287389     
   2.8940000000000001      -0.11935028139810792     
   2.8999999999999999      -0.12030991878372894     
   2.9060000000000001      -0.11945360459762866     
   2.9119999999999999      -0.11679958637153019     
   2.9180000000000001      -0.11239324365849669     
   2.9239999999999999      -0.10630602893156192     
   2.9300000000000002       -9.8634026142629672E-002
   2.9359999999999999       -8.9496180590599467E-002
   2.9420000000000002       -7.9032253706784225E-002
   2.9480000000000000       -6.7400553848538644E-002
   2.9540000000000002       -5.4775485498155425E-002
   2.9600000000000000       -4.1344953974586679E-002
   2.9660000000000002       -2.7307654212609660E-002
   2.9720000000000000       -1.2870263006679133E-002
   2.9780000000000002        1.7554449337090347E-003
   2.9840000000000000        1.6355542772410452E-002
   2.9900000000000002        3.0716939411552784E-002
   2.9960000000000000        4.4630387636887120E-002
   3.0019999999999998        5.7893479337798440E-002
   3.0080000000000000        7.0313591417723462E-002
   3.0140000000000002        8.1710732799254088E-002
   3.0199999999999996        9.1920239512900903E-002
   3.0259999999999998       0.10079525938412012     
   3.0320000000000000       0.10820896675112608     
   3.0380000000000003       0.11405645269106252     
   3.0439999999999996       0.11825624289638527     
   3.0499999999999998       0.12075140757229244     
   3.0560000000000000       0.12151024105997975     
   3.0620000000000003       0.12052650540809814     
   3.0679999999999996       0.11781924667461771     
   3.0739999999999998       0.11343220690807763     
   3.0800000000000001       0.10743286564192654     
   3.0860000000000003        9.9911152821330729E-002
   3.0919999999999996        9.0977878118736422E-002
   3.0979999999999999        8.0762922227344339E-002
   3.1040000000000001        6.9413231923117352E-002
   3.1100000000000003        5.7090656191142376E-002
   3.1159999999999997        4.3969653795360518E-002
   3.1219999999999999        3.0234896017048405E-002
   3.1280000000000001        1.6078782492885017E-002
   3.1340000000000003        1.6988866252980309E-003
   3.1399999999999997       -1.2704657332319709E-002
   3.1459999999999999       -2.6931810080374988E-002
   3.1520000000000001       -4.0785306229271928E-002
   3.1580000000000004       -5.4073333036397810E-002
   3.1639999999999997       -6.6612176243100188E-002
   3.1699999999999999       -7.8228794967291904E-002
   3.1760000000000002       -8.8763280749866447E-002
   3.1820000000000004       -9.8071151691546204E-002
   3.1879999999999997      -0.10602543142345722     
   3.1940000000000000      -0.11251846356506780     
   3.2000000000000002      -0.11746341928981988     
   3.2060000000000004      -0.12079546116549568     
   3.2119999999999997      -0.12247254146994190     
   3.2180000000000000      -0.12247582058617920     
   3.2240000000000002      -0.12080970948048850     
   3.2300000000000004      -0.11750154768525520     
   3.2359999999999998      -0.11260094171475726     
   3.2420000000000000      -0.10617879647479427     
   3.2480000000000002       -9.8326074715805845E-002
   3.2539999999999996       -8.9152325465148702E-002
   3.2599999999999998       -7.8784017017128394E-002
   3.2660000000000000       -6.7362709694531314E-002
   3.2720000000000002       -5.5043098085868963E-002
   3.2779999999999996       -4.1990945560169086E-002
   3.2839999999999998       -2.8380930981947380E-002
   3.2900000000000000       -1.4394421135469028E-002
   3.2960000000000003       -2.1718191486991281E-004
   3.3019999999999996        1.3962960691661846E-002
   3.3079999999999998        2.7958496981519382E-002
   3.3140000000000001        4.1584629630714610E-002
   3.3200000000000003        5.4661668552452983E-002
   3.3259999999999996        6.7017396458357775E-002
   3.3319999999999999        7.8489371879573333E-002
   3.3380000000000001        8.8927131156041686E-002
   3.3440000000000003        9.8194247059477199E-002
   3.3499999999999996       0.10617020112608161     
   3.3559999999999999       0.11275202732602568     
   3.3620000000000001       0.11785569077706781     
   3.3680000000000003       0.12141716920340345     
   3.3739999999999997       0.12339321686628509     
   3.3799999999999999       0.12376179859835790     
   3.3860000000000001       0.12252219407592142     
   3.3920000000000003       0.11969478161488539     
   3.3979999999999997       0.11532052049224470     
   3.4039999999999999       0.10946015800371468     
   3.4100000000000001       0.10219319088686486     
   3.4160000000000004        9.3616614868889794E-002
   3.4219999999999997        8.3843493676075687E-002
   3.4279999999999999        7.3001378381673768E-002
   3.4340000000000002        6.1230602863110987E-002
   3.4400000000000004        4.8682477254208538E-002
   3.4459999999999997        3.5517397423975777E-002
   3.4520000000000000        2.1902883118678940E-002
   3.4580000000000002        8.0115562016329391E-003
   3.4640000000000004       -5.9809309644092926E-003
   3.4699999999999998       -1.9898007633292036E-002
   3.4760000000000000       -3.3564324270595157E-002
   3.4820000000000002       -4.6807902269604705E-002
   3.4880000000000004       -5.9462275479410645E-002
   3.4939999999999998       -7.1368594437802926E-002
   3.5000000000000000       -8.2377666064088306E-002
   3.5060000000000002       -9.2351890884381505E-002
   3.5119999999999996      -0.10116706457686116     
   3.5179999999999998      -0.10871400339430122     
   3.5240000000000000      -0.11489996146735355     
   3.5300000000000002      -0.11964980707869632     
   3.5359999999999996      -0.12290693452362178     
   3.5419999999999998      -0.12463389466843756     
   3.5480000000000000      -0.12481273614414844     
   3.5540000000000003      -0.12344505870633886     
   3.5599999999999996      -0.12055178807115949     
   3.5659999999999998      -0.11617268979999973     
   3.5720000000000001      -0.11036564412754414     
   3.5780000000000003      -0.10320570860106978     
   3.5839999999999996       -9.4783995991634437E-002
   3.5899999999999999       -8.5206395360571965E-002
   3.5960000000000001       -7.4592161014841063E-002
   3.6020000000000003       -6.3072392623819765E-002
   3.6079999999999997       -5.0788424338759110E-002
   3.6139999999999999       -3.7890138326387088E-002
   3.6200000000000001       -2.4534213858187662E-002
   3.6260000000000003       -1.0882322140640258E-002
   3.6319999999999997        2.9007262645958003E-003
   3.6379999999999999        1.6648870915540275E-002
   3.6440000000000001        3.0196719364184731E-002
   3.6500000000000004        4.3381478400719944E-002
   3.6559999999999997        5.6044882922333478E-002
   3.6619999999999999        6.8035100522916503E-002
   3.6680000000000001        7.9208586091672015E-002
   3.6740000000000004        8.9431858246044812E-002
   3.6799999999999997        9.8583165598326555E-002
   3.6859999999999999       0.10655401147279948     
   3.6920000000000002       0.11325050567683680     
   3.6980000000000004       0.11859451546514437     
   3.7039999999999997       0.12252459232451120     
   3.7100000000000000       0.12499665696284683     
   3.7160000000000002       0.12598443314173091     
   3.7220000000000004       0.12547962675551919     
   3.7279999999999998       0.12349185586341835     
   3.7340000000000000       0.12004834283546802     
   3.7400000000000002       0.11519338540368387     
   3.7460000000000004       0.10898762806441178     
   3.7519999999999998       0.10150715673048802     
   3.7580000000000000        9.2842440433883566E-002
   3.7640000000000002        8.3097143230009121E-002
   3.7699999999999996        7.2386827125062614E-002
   3.7759999999999998        6.0837563616210844E-002
   3.7820000000000000        4.8584469389987457E-002
   3.7880000000000003        3.5770177247381171E-002
   3.7939999999999996        2.2543252022010771E-002
   3.7999999999999998        9.0565587330381295E-003
   3.8060000000000000       -4.5344095154418616E-003
   3.8120000000000003       -1.8073236943463859E-002
   3.8179999999999996       -3.1404313731462123E-002
   3.8239999999999998       -4.4374576741276518E-002
   3.8300000000000001       -5.6835246234932219E-002
   3.8360000000000003       -6.8643540304545642E-002
   3.8419999999999996       -7.9664344888791996E-002
   3.8479999999999999       -8.9771813691307545E-002
   3.8540000000000001       -9.8850870957656961E-002
   3.8600000000000003      -0.10679859034654492     
   3.8659999999999997      -0.11352542173682398     
   3.8719999999999999      -0.11895624296130432     
   3.8780000000000001      -0.12303121525362723     
   3.8840000000000003      -0.12570642720318628     
   3.8899999999999997      -0.12695431786319381     
   3.8959999999999999      -0.12676387638119274     
   3.9020000000000001      -0.12514062066146792     
   3.9080000000000004      -0.12210636482297943     
   3.9139999999999997      -0.11769878869842526     
   3.9199999999999999      -0.11197082717592133     
   3.9260000000000002      -0.10498989857836256     
   3.9320000000000004       -9.6836993022325152E-002
   3.9379999999999997       -8.7605640057381667E-002
   3.9440000000000000       -7.7400774780661055E-002
   3.9500000000000002       -6.6337517973984503E-002
   3.9560000000000004       -5.4539884151508809E-002
   3.9619999999999997       -4.2139428495523171E-002
   3.9680000000000000       -2.9273841504476854E-002
   3.9740000000000002       -1.6085497416214317E-002
   3.9800000000000004       -2.7199639907623131E-003
   3.9859999999999998        1.0675521513197912E-002
   3.9920000000000000        2.3953602326607142E-002
   3.9980000000000002        3.6968368771514895E-002
   4.0039999999999996        4.9576930345117155E-002
   4.0099999999999998        6.1640978318119842E-002
   4.0160000000000000        7.3028321382586844E-002
   4.0220000000000002        8.3614372956357610E-002
   4.0279999999999996        9.3283569932706992E-002
   4.0339999999999998       0.10193069548909486     
   4.0400000000000000       0.10946208598356734     
   4.0460000000000003       0.11579669631400726     
   4.0519999999999996       0.12086700519136839     
   4.0579999999999998       0.12461974314517596     
   4.0640000000000001       0.12701643157028447     
   4.0700000000000003       0.12803372572513164     
   4.0759999999999996       0.12766356052028788     
   4.0819999999999999       0.12591310278282974     
   4.0880000000000001       0.12280451837736141     
   4.0940000000000003       0.11837456687483205     
   4.0999999999999996       0.11267403893834452     
   4.1059999999999999       0.10576705344351413     
   4.1120000000000001        9.7730231561748371E-002
   4.1180000000000003        8.8651765643442959E-002
   4.1239999999999997        7.8630397691029627E-002
   4.1299999999999999        6.7774322355927119E-002
   4.1360000000000001        5.6200024888041669E-002
   4.1420000000000003        4.4031064626440478E-002
   4.1479999999999997        3.1396810790138868E-002
   4.1539999999999999        1.8431136534055249E-002
   4.1600000000000001        5.2710770539952725E-003
   4.1660000000000004       -7.9445431105141882E-003
   4.1719999999999997       -2.1076507865148541E-002
   4.1779999999999999       -3.3986624677653184E-002
   4.1840000000000002       -4.6539146695117953E-002
   4.1900000000000004       -5.8602190329922713E-002
   4.1959999999999997       -7.0049133310516709E-002
   4.2020000000000000       -8.0759975831169714E-002
   4.2080000000000002       -9.0622645558845930E-002
   4.2140000000000004       -9.9534226124251612E-002
   4.2199999999999998      -0.10740208847063357     
   4.2260000000000000      -0.11414490462596170     
   4.2320000000000002      -0.11969352537049198     
   4.2380000000000004      -0.12399170702399902     
   4.2439999999999998      -0.12699667418689639     
   4.2500000000000000      -0.12867951139305944     
   4.2560000000000002      -0.12902538030757546     
   4.2619999999999996      -0.12803356348200248     
   4.2679999999999998      -0.12571734016072314     
   4.2740000000000000      -0.12210370363124463     
   4.2800000000000002      -0.11723293167830080     
   4.2859999999999996      -0.11115802472246644     
   4.2919999999999998      -0.10394402581360256     
   4.2980000000000000       -9.5667238369099780E-002
   4.3040000000000003       -8.6414355479498869E-002
   4.3099999999999996       -7.6281513766298187E-002
   4.3159999999999998       -6.5373283749132552E-002
   4.3220000000000001       -5.3801604713292615E-002
   4.3280000000000003       -4.1684673256413105E-002
   4.3339999999999996       -2.9145789942614783E-002
   4.3399999999999999       -1.6312170409707460E-002
   4.3460000000000001       -3.3137240838145544E-003
   4.3520000000000003        9.7181934709676381E-003
   4.3579999999999997        2.2652050036501808E-002
   4.3639999999999999        3.5357421067840726E-002
   4.3700000000000001        4.7706279071313334E-002
   4.3760000000000003        5.9574278005308186E-002
   4.3819999999999997        7.0842019731038791E-002
   4.3879999999999999        8.1396285499223189E-002
   4.3940000000000001        9.1131218225696545E-002
   4.4000000000000004        9.9949435349210539E-002
   4.4059999999999997       0.10776305567953660     
   4.4119999999999999       0.11449462172545787     
   4.4180000000000001       0.12007790239243214     
   4.4240000000000004       0.12445856152004262     
   4.4299999999999997       0.12759468213953207     
   4.4359999999999999       0.12945713943940643     
   4.4420000000000002       0.13002981884741857     
   4.4480000000000004       0.12930968007569049     
   4.4539999999999997       0.12730667145744246     
   4.4600000000000000       0.12404350202350177     
   4.4660000000000002       0.11955528125436074     
   4.4720000000000004       0.11388903842889950     
   4.4779999999999998       0.10710313429169263     
   4.4840000000000000        9.9266578461052968E-002
   4.4900000000000002        9.0458264694973756E-002
   4.4960000000000004        8.0766135885718696E-002
   4.5019999999999998        7.0286288946627293E-002
   4.5080000000000000        5.9122028322548661E-002
   4.5140000000000002        4.7382874437096094E-002
   4.5199999999999996        3.5183533799177574E-002
   4.5259999999999998        2.2642834400828128E-002
   4.5320000000000000        9.8826307347748242E-003
   4.5380000000000003       -2.9733175719340028E-003
   4.5439999999999996       -1.5800489520935549E-002
   4.5499999999999998       -2.8474762453964714E-002
   4.5560000000000000       -4.0873582215095530E-002
   4.5620000000000003       -5.2877134004376804E-002
   4.5679999999999996       -6.4369503879486631E-002
   4.5739999999999998       -7.5239818335190209E-002
   4.5800000000000001       -8.5383348160145950E-002
   4.5860000000000003       -9.4702561372414493E-002
   4.5919999999999996      -0.10310810936674451     
   4.5979999999999999      -0.11051973038877415     
   4.6040000000000001      -0.11686705579144313     
   4.6100000000000003      -0.12209030570505945     
   4.6159999999999997      -0.12614086210992659     
   4.6219999999999999      -0.12898171235630179     
   4.6280000000000001      -0.13058775641333592     
   4.6340000000000003      -0.13094597671447650     
   4.6399999999999997      -0.13005547163342196     
   4.6459999999999999      -0.12792735669798952     
   4.6520000000000001      -0.12458454103675845     
   4.6580000000000004      -0.12006138727032742     
   4.6639999999999997      -0.11440326612457785     
   4.6699999999999999      -0.10766601617735373     
   4.6760000000000002       -9.9915320942317323E-002
   4.6820000000000004       -9.1226012763015313E-002
   4.6879999999999997       -8.1681315482220199E-002
   4.6940000000000000       -7.1372032528292800E-002
   4.7000000000000002       -6.0395689483433303E-002
   4.7060000000000004       -4.8855636189708535E-002
   4.7119999999999997       -3.6860113367852922E-002
   4.7180000000000000       -2.4521288490654203E-002
   4.7240000000000002       -1.1954263740709313E-002
   4.7300000000000004        7.2394149740261191E-004
   4.7359999999999998        1.3395427047419984E-002
   4.7420000000000000        2.5942465753699913E-002
   4.7480000000000002        3.8248567009464003E-002
   4.7539999999999996        5.0199542578252175E-002
   4.7599999999999998        6.1684567243252393E-002
   4.7660000000000000        7.2597222428999353E-002
   4.7720000000000002        8.2836510426706117E-002
   4.7779999999999996        9.2307828502556102E-002
   4.7839999999999998       0.10092388609846810     
   4.7900000000000000       0.10860555377231931     
   4.7960000000000003       0.11528262903569694     
   4.8019999999999996       0.12089450732171923     
   4.8079999999999998       0.12539074820583831     
   4.8140000000000001       0.12873152748351466     
   4.8200000000000003       0.13088797001497721     
   4.8259999999999996       0.13184236058319124     
   4.8319999999999999       0.13158823219528032     
   4.8380000000000001       0.13013033485683900     
   4.8440000000000003       0.12748448922933173     
   4.8499999999999996       0.12367733324523700     
   4.8559999999999999       0.11874596890951065     
   4.8620000000000001       0.11273751977747097     
   4.8680000000000003       0.10570860858827770     
   4.8739999999999997        9.7724764534276767E-002
   4.8799999999999999        8.8859769565640831E-002
   4.8860000000000001        7.9194952158294959E-002
   4.8920000000000003        6.8818435522213645E-002
   4.8979999999999997        5.7824345766936049E-002
   4.9039999999999999        4.6311986021500495E-002
   4.9100000000000001        3.4384979339071788E-002
   4.9160000000000004        2.2150384495873143E-002
   4.9219999999999997        9.7177867130406482E-003
   4.9279999999999999       -2.8016322140462014E-003
   4.9340000000000002       -1.5296042628814144E-002
   4.9400000000000004       -2.7653928983934824E-002
   4.9459999999999997       -3.9765060020209478E-002
   4.9520000000000000       -5.1521461308712810E-002
   4.9580000000000002       -6.2818380352957059E-002
   4.9640000000000004       -7.3555236660460141E-002
   4.9699999999999998       -8.3636544824446921E-002
   4.9760000000000000       -9.2972799921015592E-002
   4.9820000000000002      -0.10148131224734180     
   4.9880000000000004      -0.10908698043853174     
   4.9939999999999998      -0.11572299001762801     
   5.0000000000000000      -0.12133142767470208     
